2.9252897e-05 0.9999708 0.0 1.0
1.1639443e-05 0.9999883 0.0 1.0
0.0010857086 0.99891436 0.0 1.0
0.9999887 1.1330873e-05 1.0 0.0
0.0011040223 0.998896 0.0 1.0
0.000121813275 0.99987817 0.0 1.0
0.00041319692 0.99958676 0.0 1.0
0.0050229705 0.99497706 0.0 1.0
0.00013109353 0.99986887 0.0 1.0
0.0010472804 0.99895275 0.0 1.0
1.4889242e-05 0.9999851 0.0 1.0
1.3716576e-05 0.9999863 0.0 1.0
1.1639443e-05 0.9999883 0.0 1.0
2.0655054e-05 0.9999794 0.0 1.0
2.3565379e-05 0.9999764 0.0 1.0
0.0076376833 0.99236226 0.0 1.0
0.001591067 0.998409 0.0 1.0
4.4617078e-05 0.9999554 0.0 1.0
0.9995173 0.00048266267 1.0 0.0
1.5045066e-05 0.999985 0.0 1.0
0.000121813275 0.99987817 0.0 1.0
5.257551e-05 0.9999474 0.0 1.0
3.1577285e-05 0.9999684 0.0 1.0
0.9999105 8.94966e-05 1.0 0.0
4.2417247e-05 0.99995756 0.0 1.0
7.002732e-05 0.99993 0.0 1.0
3.0716776e-05 0.99996924 0.0 1.0
0.001392963 0.9986071 0.0 1.0
0.9999677 3.2253487e-05 1.0 0.0
0.9978294 0.0021706107 1.0 0.0
5.1109946e-05 0.99994886 0.0 1.0
0.038002484 0.96199757 0.0 1.0
0.0005063224 0.9994937 0.0 1.0
3.109005e-05 0.9999689 0.0 1.0
0.004899053 0.9951009 0.0 1.0
0.00030848125 0.9996915 0.0 1.0
0.000600252 0.9993998 0.0 1.0
0.5469161 0.45308393 1.0 0.0
2.464814e-05 0.9999753 0.0 1.0
2.440307e-05 0.99997556 0.0 1.0
0.10754509 0.89245486 1.0 0.0
0.0007106537 0.9992893 0.0 1.0
1.1711149e-05 0.9999883 0.0 1.0
0.99629325 0.0037067775 1.0 0.0
6.9321046e-05 0.9999306 0.0 1.0
1.5976535e-05 0.999984 0.0 1.0
0.0011496712 0.99885035 0.0 1.0
0.0018791443 0.99812084 0.0 1.0
1.4889242e-05 0.9999851 0.0 1.0
0.00013859315 0.99986136 0.0 1.0
1.8839111e-05 0.99998116 0.0 1.0
1.8309895e-05 0.99998164 0.0 1.0
2.1839393e-05 0.9999782 0.0 1.0
3.6360663e-05 0.99996364 0.0 1.0
1.1639443e-05 0.9999883 0.0 1.0
1.3923916e-05 0.99998605 0.0 1.0
2.42507e-05 0.9999758 0.0 1.0
1.1639443e-05 0.9999883 0.0 1.0
0.0005063224 0.9994937 0.0 1.0
4.2855878e-05 0.9999571 0.0 1.0
2.625476e-05 0.9999738 0.0 1.0
2.3565379e-05 0.9999764 0.0 1.0
1.08119075e-05 0.99998915 0.0 1.0
0.99411964 0.005880327 1.0 0.0
3.0963234e-05 0.999969 0.0 1.0
2.043226e-05 0.9999796 0.0 1.0
2.3565379e-05 0.9999764 0.0 1.0
0.0055452297 0.9944548 0.0 1.0
3.3758854e-05 0.99996626 0.0 1.0
3.1423657e-05 0.9999685 0.0 1.0
0.0003014191 0.99969864 0.0 1.0
1.4391683e-05 0.9999856 0.0 1.0
0.99993956 6.0399692e-05 1.0 0.0
0.0007144225 0.99928564 0.0 1.0
6.0864215e-05 0.9999391 0.0 1.0
4.1747273e-05 0.9999583 0.0 1.0
0.9975228 0.002477193 1.0 0.0
1.4889242e-05 0.9999851 0.0 1.0
0.00030848125 0.9996915 0.0 1.0
0.014328394 0.9856716 0.0 1.0
5.0587714e-05 0.99994946 0.0 1.0
1.6495487e-05 0.99998355 0.0 1.0
0.9999901 9.879736e-06 1.0 0.0
0.8918441 0.10815593 1.0 0.0
1.4123803e-05 0.99998593 0.0 1.0
0.9999447 5.535796e-05 1.0 0.0
0.9953288 0.004671178 1.0 0.0
0.00014776517 0.9998522 0.0 1.0
0.99896085 0.0010390911 1.0 0.0
1.6703796e-05 0.9999833 0.0 1.0
0.010514123 0.98948586 0.0 1.0
1.1800051e-05 0.9999882 0.0 1.0
0.99992573 7.422062e-05 1.0 0.0
3.7826976e-05 0.9999622 0.0 1.0
1.6170625e-05 0.9999838 0.0 1.0
0.004956915 0.99504304 0.0 1.0
1.2518757e-05 0.9999875 0.0 1.0
0.00064714503 0.9993529 0.0 1.0
0.00040617428 0.9995938 0.0 1.0
7.539193e-05 0.99992466 0.0 1.0
0.00085485657 0.99914515 0.0 1.0
0.00072338834 0.9992766 0.0 1.0
0.00080118154 0.99919885 0.0 1.0
2.3565379e-05 0.9999764 0.0 1.0
6.0708924e-05 0.9999393 0.0 1.0
0.99999917 8.426965e-07 1.0 0.0
0.0002398661 0.9997601 0.0 1.0
0.9983278 0.0016722598 1.0 0.0
0.00040482136 0.9995952 0.0 1.0
5.209912e-05 0.9999479 0.0 1.0
6.071176e-05 0.9999393 0.0 1.0
5.0587714e-05 0.99994946 0.0 1.0
0.9999733 2.6666676e-05 1.0 0.0
6.8329624e-05 0.9999317 0.0 1.0
1.7963961e-05 0.999982 0.0 1.0
1.5330039e-05 0.9999846 0.0 1.0
6.92077e-05 0.99993074 0.0 1.0
0.99590284 0.0040971907 1.0 0.0
0.9999999 1.4942934e-07 1.0 0.0
0.00030848125 0.9996915 0.0 1.0
0.0019451744 0.99805486 0.0 1.0
0.00031902897 0.999681 0.0 1.0
0.00018815821 0.9998118 0.0 1.0
0.9999703 2.9728544e-05 1.0 0.0
0.00013097284 0.999869 0.0 1.0
1.412379e-05 0.99998593 0.0 1.0
0.0005341631 0.9994659 0.0 1.0
0.00030848125 0.9996915 0.0 1.0
6.6213724e-05 0.99993384 0.0 1.0
0.0003571337 0.99964285 0.0 1.0
1.3923916e-05 0.99998605 0.0 1.0
6.444682e-05 0.9999355 0.0 1.0
0.70726985 0.29273012 1.0 0.0
0.0048216265 0.99517834 0.0 1.0
1.4889242e-05 0.9999851 0.0 1.0
4.3519274e-05 0.9999565 0.0 1.0
6.117565e-05 0.99993885 0.0 1.0
0.9739049 0.026095117 1.0 0.0
4.402591e-05 0.999956 0.0 1.0
0.99996996 3.0092822e-05 1.0 0.0
0.00014434352 0.99985564 0.0 1.0
1.4123803e-05 0.99998593 0.0 1.0
0.017869465 0.9821306 0.0 1.0
0.0018106523 0.9981894 0.0 1.0
0.99865 0.0013499567 1.0 0.0
0.0015869589 0.99841297 0.0 1.0
2.3565379e-05 0.9999764 0.0 1.0
0.9999788 2.118632e-05 1.0 0.0
1.6170608e-05 0.9999838 0.0 1.0
1.5330039e-05 0.9999846 0.0 1.0
0.99999774 2.2314698e-06 1.0 0.0
7.315885e-05 0.9999268 0.0 1.0
2.4630492e-05 0.9999753 0.0 1.0
1.9593503e-05 0.99998045 0.0 1.0
1.3601582e-05 0.9999864 0.0 1.0
3.7792393e-05 0.9999622 0.0 1.0
4.4028217e-05 0.999956 0.0 1.0
0.000121813275 0.99987817 0.0 1.0
3.1330183e-05 0.99996865 0.0 1.0
0.99910766 0.00089231745 1.0 0.0
3.1577285e-05 0.9999684 0.0 1.0
3.441665e-05 0.99996555 0.0 1.0
2.3565379e-05 0.9999764 0.0 1.0
1.1639443e-05 0.9999883 0.0 1.0
0.0019221242 0.99807787 0.0 1.0
0.0007757561 0.9992242 0.0 1.0
0.99995756 4.241579e-05 1.0 0.0
2.4256875e-05 0.9999758 0.0 1.0
5.4260643e-05 0.99994576 0.0 1.0
6.269059e-05 0.9999373 0.0 1.0
0.00088914717 0.9991109 0.0 1.0
6.0864215e-05 0.9999391 0.0 1.0
0.0061113033 0.9938886 0.0 1.0
2.5950696e-05 0.999974 0.0 1.0
1.6703796e-05 0.9999833 0.0 1.0
0.00010970445 0.9998903 0.0 1.0
0.9946219 0.0053781285 1.0 0.0
5.2112737e-05 0.9999479 0.0 1.0
0.9999881 1.1908419e-05 1.0 0.0
0.8899721 0.11002792 0.0 1.0
0.99991167 8.8326924e-05 1.0 0.0
4.3161643e-05 0.99995685 0.0 1.0
0.00025043305 0.9997496 0.0 1.0
0.0056576356 0.9943423 0.0 1.0
0.99999166 8.366807e-06 1.0 0.0
0.99629325 0.0037067775 1.0 0.0
0.00018299106 0.9998171 0.0 1.0
0.99999034 9.6457225e-06 1.0 0.0
4.0339994e-05 0.9999597 0.0 1.0
1.8318646e-05 0.99998164 0.0 1.0
3.653344e-05 0.9999635 0.0 1.0
0.99999845 1.5242163e-06 1.0 0.0
0.9999993 6.69576e-07 1.0 0.0
2.2704506e-05 0.99997735 0.0 1.0
2.4559024e-05 0.99997544 0.0 1.0
3.7792393e-05 0.9999622 0.0 1.0
0.0002651815 0.9997348 0.0 1.0
1.7510254e-05 0.9999825 0.0 1.0
1.4889242e-05 0.9999851 0.0 1.0
0.99440515 0.005594857 1.0 0.0
0.00016586881 0.99983406 0.0 1.0
0.99995124 4.879241e-05 1.0 0.0
0.99999976 2.2165835e-07 1.0 0.0
0.99999964 3.211121e-07 1.0 0.0
0.9953288 0.004671178 1.0 0.0
6.192323e-05 0.99993813 0.0 1.0
0.00057561405 0.99942446 0.0 1.0
0.99629325 0.0037067775 1.0 0.0
0.00676307 0.99323696 0.0 1.0
0.9999945 5.51181e-06 1.0 0.0
1.1639443e-05 0.9999883 0.0 1.0
0.95235807 0.04764194 1.0 0.0
0.999059 0.0009409851 1.0 0.0
2.3027691e-05 0.999977 0.0 1.0
0.9962399 0.0037601176 1.0 0.0
0.0019359833 0.998064 0.0 1.0
4.0339994e-05 0.9999597 0.0 1.0
0.00053453085 0.9994655 0.0 1.0
0.89699227 0.10300778 1.0 0.0
3.27047e-05 0.99996734 0.0 1.0
6.107411e-05 0.99993896 0.0 1.0
1.412379e-05 0.99998593 0.0 1.0
0.99979013 0.00020991011 1.0 0.0
2.6436132e-05 0.99997354 0.0 1.0
0.99994826 5.1741095e-05 1.0 0.0
0.000576836 0.99942315 0.0 1.0
0.9996747 0.00032529904 1.0 0.0
1.6366776e-05 0.99998367 0.0 1.0
0.9999447 5.535796e-05 1.0 0.0
2.5121351e-05 0.99997485 0.0 1.0
0.9999962 3.861549e-06 1.0 0.0
4.807004e-05 0.99995196 0.0 1.0
1.1711149e-05 0.9999883 0.0 1.0
0.52398056 0.47601938 1.0 0.0
3.762442e-05 0.99996233 0.0 1.0
0.00089366524 0.99910635 0.0 1.0
0.0011610532 0.99883896 0.0 1.0
0.9999932 6.851233e-06 1.0 0.0
0.9985476 0.0014523129 1.0 0.0
0.000113831 0.99988616 0.0 1.0
1.4889242e-05 0.9999851 0.0 1.0
0.9999949 5.108757e-06 1.0 0.0
1.4123803e-05 0.99998593 0.0 1.0
0.00041179627 0.9995882 0.0 1.0
0.00014434352 0.99985564 0.0 1.0
0.00035249555 0.9996475 0.0 1.0
1.7678549e-05 0.99998236 0.0 1.0
0.0004367395 0.9995633 0.0 1.0
0.13280249 0.8671975 1.0 0.0
0.9983278 0.0016722598 1.0 0.0
0.99590284 0.0040971907 1.0 0.0
6.236134e-05 0.99993765 0.0 1.0
0.000121813275 0.99987817 0.0 1.0
3.0188881e-05 0.99996984 0.0 1.0
0.9953288 0.0046711797 1.0 0.0
0.99519086 0.004809116 1.0 0.0
0.9980578 0.0019421717 1.0 0.0
0.0006049005 0.99939513 0.0 1.0
0.00021838237 0.99978167 0.0 1.0
1.3601582e-05 0.9999864 0.0 1.0
0.99994445 5.5550077e-05 1.0 0.0
3.103191e-05 0.999969 0.0 1.0
1.5330039e-05 0.9999846 0.0 1.0
2.565456e-05 0.99997437 0.0 1.0
1.4123803e-05 0.99998593 0.0 1.0
3.0214633e-05 0.99996984 0.0 1.0
0.000121813275 0.99987817 0.0 1.0
0.99994826 5.1741095e-05 1.0 0.0
1.4123803e-05 0.99998593 0.0 1.0
0.0005824147 0.99941766 0.0 1.0
0.97815824 0.021841723 1.0 0.0
0.010593484 0.9894065 0.0 1.0
3.340708e-05 0.9999666 0.0 1.0
0.00026947708 0.9997305 0.0 1.0
4.6542522e-05 0.9999535 0.0 1.0
5.875761e-05 0.99994123 0.0 1.0
0.99984026 0.00015973148 1.0 0.0
0.9999999 1.6093375e-07 1.0 0.0
0.000121813275 0.99987817 0.0 1.0
1.5717284e-05 0.99998426 0.0 1.0
0.00012200601 0.9998779 0.0 1.0
1.3716576e-05 0.9999863 0.0 1.0
0.000121813275 0.99987817 0.0 1.0
0.9999999 1.6041032e-07 1.0 0.0
2.9016677e-05 0.99997103 0.0 1.0
3.7792393e-05 0.9999622 0.0 1.0
0.9999776 2.2388096e-05 1.0 0.0
7.449276e-05 0.9999255 0.0 1.0
0.9953288 0.004671178 1.0 0.0
6.269059e-05 0.9999373 0.0 1.0
6.117565e-05 0.99993885 0.0 1.0
1.109469e-05 0.9999889 0.0 1.0
3.762442e-05 0.99996233 0.0 1.0
1.1639443e-05 0.9999883 0.0 1.0
0.52559555 0.4744045 1.0 0.0
0.010549493 0.9894505 0.0 1.0
0.0005272839 0.9994727 0.0 1.0
1.4889242e-05 0.9999851 0.0 1.0
0.9999925 7.46376e-06 1.0 0.0
0.00047516602 0.99952483 0.0 1.0
1.659144e-05 0.99998343 0.0 1.0
1.3512001e-05 0.9999865 0.0 1.0
0.99996567 3.438326e-05 1.0 0.0
0.00039844777 0.99960154 0.0 1.0
1.4123803e-05 0.99998593 0.0 1.0
9.5905765e-05 0.99990404 0.0 1.0
2.795506e-05 0.999972 0.0 1.0
1.1639443e-05 0.9999883 0.0 1.0
2.0655054e-05 0.9999794 0.0 1.0
0.0039052037 0.99609476 0.0 1.0
4.713538e-05 0.9999529 0.0 1.0
2.3565379e-05 0.9999764 0.0 1.0
0.9999826 1.7427974e-05 1.0 0.0
4.3418175e-05 0.9999566 0.0 1.0
0.013615646 0.98638433 0.0 1.0
7.383857e-05 0.9999262 0.0 1.0
2.6514477e-05 0.99997354 0.0 1.0
1.48892705e-05 0.9999851 0.0 1.0
3.7325055e-05 0.9999627 0.0 1.0
0.001712859 0.99828714 0.0 1.0
2.9885932e-05 0.9999701 0.0 1.0
5.832769e-05 0.9999417 0.0 1.0
0.0012824014 0.99871767 0.0 1.0
0.9975485 0.0024514906 1.0 0.0
0.00013109353 0.99986887 0.0 1.0
2.0229245e-05 0.99997973 0.0 1.0
1.6230182e-05 0.9999838 0.0 1.0
4.013566e-05 0.9999598 0.0 1.0
0.99752146 0.0024785744 1.0 0.0
5.995753e-05 0.99994004 0.0 1.0
0.0011154372 0.9988846 0.0 1.0
1.35430655e-05 0.9999864 0.0 1.0
4.3824173e-05 0.99995613 0.0 1.0
0.00023283684 0.9997671 0.0 1.0
0.000121813275 0.99987817 0.0 1.0
1.4391683e-05 0.9999856 0.0 1.0
2.6261347e-05 0.9999738 0.0 1.0
1.7678549e-05 0.99998236 0.0 1.0
3.1423657e-05 0.9999685 0.0 1.0
0.0042205155 0.9957795 0.0 1.0
0.9999809 1.904464e-05 1.0 0.0
7.865855e-05 0.9999213 0.0 1.0
0.0023052196 0.9976948 0.0 1.0
0.00031211524 0.9996879 0.0 1.0
4.1020936e-05 0.999959 0.0 1.0
3.299906e-05 0.999967 0.0 1.0
0.00022357 0.9997764 0.0 1.0
6.1058854e-05 0.99993896 0.0 1.0
1.1639443e-05 0.9999883 0.0 1.0
0.9989556 0.0010443975 1.0 0.0
0.0006002512 0.9993998 0.0 1.0
0.0026965186 0.9973035 0.0 1.0
0.99765813 0.002341901 1.0 0.0
0.9991103 0.00088972214 1.0 0.0
3.1577285e-05 0.9999684 0.0 1.0
0.0044053174 0.9955947 0.0 1.0
0.00037568703 0.99962425 0.0 1.0
5.2255957e-05 0.9999478 0.0 1.0
0.0005576834 0.9994423 0.0 1.0
0.9998839 0.000116104304 1.0 0.0
1.4889242e-05 0.9999851 0.0 1.0
3.0212039e-05 0.99996984 0.0 1.0
1.81583e-05 0.9999819 0.0 1.0
5.5483164e-05 0.99994457 0.0 1.0
0.99999905 9.611275e-07 1.0 0.0
0.002795945 0.99720407 0.0 1.0
0.0011738596 0.9988261 0.0 1.0
2.2548864e-05 0.99997747 0.0 1.0
0.99999845 1.5767404e-06 1.0 0.0
8.731686e-05 0.9999126 0.0 1.0
6.269059e-05 0.9999373 0.0 1.0
2.9908315e-05 0.9999701 0.0 1.0
7.9111705e-05 0.99992085 0.0 1.0
1.08118975e-05 0.99998915 0.0 1.0
7.4541094e-05 0.9999255 0.0 1.0
1.5330039e-05 0.9999846 0.0 1.0
3.1577285e-05 0.9999684 0.0 1.0
0.000121813275 0.99987817 0.0 1.0
0.99629325 0.0037067775 1.0 0.0
1.1639443e-05 0.9999883 0.0 1.0
0.00071757584 0.9992824 0.0 1.0
0.0010967974 0.99890316 0.0 1.0
2.1839372e-05 0.9999782 0.0 1.0
6.283459e-05 0.9999372 0.0 1.0
0.9048486 0.09515137 1.0 0.0
0.0023980972 0.9976019 0.0 1.0
0.99979097 0.00020899324 1.0 0.0
0.0007057764 0.99929416 0.0 1.0
0.2807025 0.71929747 1.0 0.0
0.9999995 4.7765775e-07 1.0 0.0
0.9953425 0.004657572 1.0 0.0
1.6230182e-05 0.9999838 0.0 1.0
0.9495677 0.0504323 1.0 0.0
1.3203619e-05 0.99998677 0.0 1.0
4.6552108e-05 0.9999534 0.0 1.0
0.99999964 3.0402052e-07 1.0 0.0
2.5495174e-05 0.9999745 0.0 1.0
2.795506e-05 0.999972 0.0 1.0
0.0019031235 0.9980969 0.0 1.0
0.0014891373 0.9985109 0.0 1.0
0.9987295 0.0012704664 1.0 0.0
0.99999464 5.33895e-06 1.0 0.0
1.1686025e-05 0.9999883 0.0 1.0
0.9999641 3.5935554e-05 1.0 0.0
0.006973652 0.9930264 0.0 1.0
0.00030848125 0.9996915 0.0 1.0
2.0655054e-05 0.9999794 0.0 1.0
0.00012454846 0.9998754 0.0 1.0
9.025568e-05 0.99990976 0.0 1.0
1.4123803e-05 0.99998593 0.0 1.0
2.3350822e-05 0.99997663 0.0 1.0
6.5387896e-05 0.99993455 0.0 1.0
2.6009466e-05 0.999974 0.0 1.0
9.033757e-05 0.99990964 0.0 1.0
0.9999963 3.6480446e-06 1.0 0.0
0.000121813275 0.99987817 0.0 1.0
2.2902179e-05 0.9999771 0.0 1.0
0.9893003 0.010699692 1.0 0.0
1.35430655e-05 0.9999864 0.0 1.0
2.1774134e-05 0.9999782 0.0 1.0
0.0005883065 0.9994117 0.0 1.0
3.7325055e-05 0.9999627 0.0 1.0
3.019107e-05 0.99996984 0.0 1.0
0.99993 6.991669e-05 1.0 0.0
6.117565e-05 0.99993885 0.0 1.0
2.8473754e-05 0.9999715 0.0 1.0
0.99999976 2.8611834e-07 1.0 0.0
2.9137327e-05 0.9999709 0.0 1.0
3.7792393e-05 0.9999622 0.0 1.0
5.589942e-05 0.9999441 0.0 1.0
0.00033567415 0.9996643 0.0 1.0
0.00019244096 0.99980754 0.0 1.0
2.3565379e-05 0.9999764 0.0 1.0
1.41465425e-05 0.9999858 0.0 1.0
0.9999975 2.5019478e-06 1.0 0.0
1.4123803e-05 0.99998593 0.0 1.0
0.0005063224 0.9994937 0.0 1.0
2.0229245e-05 0.99997973 0.0 1.0
0.9985476 0.0014523129 1.0 0.0
0.9999988 1.1892243e-06 1.0 0.0
0.00025723074 0.9997428 0.0 1.0
1.1639443e-05 0.9999883 0.0 1.0
3.4521643e-05 0.9999654 0.0 1.0
0.9999269 7.3115756e-05 1.0 0.0
0.0005063224 0.9994937 0.0 1.0
0.99881834 0.0011815897 1.0 0.0
1.4391683e-05 0.9999856 0.0 1.0
1.8690296e-05 0.9999813 0.0 1.0
0.0020849798 0.99791497 0.0 1.0
0.00030233632 0.9996977 0.0 1.0
0.00043949214 0.99956053 0.0 1.0
0.0029014095 0.99709857 0.0 1.0
2.038551e-05 0.9999796 0.0 1.0
0.003972317 0.9960277 0.0 1.0
0.9943566 0.005643361 1.0 0.0
4.0355153e-05 0.9999596 0.0 1.0
0.9999995 4.948095e-07 1.0 0.0
0.00046189287 0.9995382 0.0 1.0
0.0006587103 0.9993413 0.0 1.0
0.9943356 0.005664397 1.0 0.0
0.000600252 0.9993998 0.0 1.0
0.00075419515 0.9992459 0.0 1.0
2.464814e-05 0.9999753 0.0 1.0
1.5330039e-05 0.9999846 0.0 1.0
0.00024377614 0.9997563 0.0 1.0
0.00013039376 0.9998696 0.0 1.0
3.7325055e-05 0.9999627 0.0 1.0
0.00045928333 0.9995407 0.0 1.0
2.5650108e-05 0.99997437 0.0 1.0
0.002753652 0.9972464 0.0 1.0
0.9999447 5.535796e-05 1.0 0.0
0.9851435 0.014856571 1.0 0.0
5.39093e-05 0.9999461 0.0 1.0
0.00023283684 0.9997671 0.0 1.0
1.4889242e-05 0.9999851 0.0 1.0
0.002874606 0.99712545 0.0 1.0
3.0051639e-05 0.99996996 0.0 1.0
2.2274799e-05 0.9999777 0.0 1.0
0.000121813275 0.99987817 0.0 1.0
3.0486322e-05 0.9999695 0.0 1.0
0.00023184333 0.9997682 0.0 1.0
0.9966685 0.003331496 1.0 0.0
0.00020474475 0.99979526 0.0 1.0
0.0003486149 0.99965143 0.0 1.0
0.9999865 1.35168475e-05 1.0 0.0
4.3938162e-05 0.999956 0.0 1.0
1.9042334e-05 0.9999809 0.0 1.0
2.4403163e-05 0.99997556 0.0 1.0
0.0007106537 0.9992893 0.0 1.0
3.0294379e-05 0.9999697 0.0 1.0
0.9999995 4.273289e-07 1.0 0.0
0.00037163298 0.9996283 0.0 1.0
1.1711149e-05 0.9999883 0.0 1.0
3.7325055e-05 0.9999627 0.0 1.0
0.0013142764 0.9986858 0.0 1.0
0.014487259 0.9855128 0.0 1.0
0.00031434686 0.99968565 0.0 1.0
0.0077661374 0.9922339 0.0 1.0
0.0014016392 0.9985984 0.0 1.0
2.0655054e-05 0.9999794 0.0 1.0
0.010185337 0.98981464 0.0 1.0
4.0529514e-05 0.99995947 0.0 1.0
1.1639443e-05 0.9999883 0.0 1.0
0.9999981 1.9377685e-06 1.0 0.0
0.99999964 3.3426764e-07 1.0 0.0
4.2417247e-05 0.99995756 0.0 1.0
0.002251483 0.99774855 0.0 1.0
0.00013825658 0.9998617 0.0 1.0
0.9953288 0.004671178 1.0 0.0
1.7849632e-05 0.9999821 0.0 1.0
0.9999887 1.1363121e-05 1.0 0.0
0.00010150789 0.99989843 0.0 1.0
1.1639443e-05 0.9999883 0.0 1.0
7.198791e-05 0.999928 0.0 1.0
4.3824173e-05 0.99995613 0.0 1.0
0.0012058939 0.9987941 0.0 1.0
0.99995196 4.803123e-05 1.0 0.0
1.3144583e-05 0.9999869 0.0 1.0
0.000121813275 0.99987817 0.0 1.0
2.6752898e-05 0.9999733 0.0 1.0
4.7876838e-05 0.9999521 0.0 1.0
2.6343492e-05 0.99997365 0.0 1.0
1.4889242e-05 0.9999851 0.0 1.0
2.6587348e-05 0.9999734 0.0 1.0
0.9999889 1.1122467e-05 1.0 0.0
2.4639277e-05 0.9999753 0.0 1.0
3.1456882e-05 0.9999685 0.0 1.0
2.2877337e-05 0.9999771 0.0 1.0
2.3027691e-05 0.999977 0.0 1.0
5.39093e-05 0.9999461 0.0 1.0
1.7888655e-05 0.9999821 0.0 1.0
3.8752758e-05 0.99996126 0.0 1.0
1.6480753e-05 0.99998355 0.0 1.0
2.7548824e-05 0.99997246 0.0 1.0
0.007544909 0.9924551 0.0 1.0
0.99598855 0.0040113903 1.0 0.0
6.626147e-05 0.9999337 0.0 1.0
2.6009466e-05 0.999974 0.0 1.0
1.1639443e-05 0.9999883 0.0 1.0
5.0587714e-05 0.99994946 0.0 1.0
0.9940202 0.0059797657 1.0 0.0
0.0004474344 0.99955255 0.0 1.0
1.4025282e-05 0.99998593 0.0 1.0
0.00050467014 0.99949527 0.0 1.0
0.00094916736 0.9990508 0.0 1.0
0.9997745 0.00022554985 1.0 0.0
0.0045269853 0.99547297 0.0 1.0
0.0012683021 0.9987317 0.0 1.0
0.07423412 0.9257659 0.0 1.0
0.9999831 1.69828e-05 1.0 0.0
0.999059 0.0009409851 1.0 0.0
5.3990643e-05 0.999946 0.0 1.0
0.9897175 0.010282486 1.0 0.0
0.9999988 1.1956312e-06 1.0 0.0
1.4391683e-05 0.9999856 0.0 1.0
0.0017764525 0.9982236 0.0 1.0
0.0006390833 0.999361 0.0 1.0
2.0655054e-05 0.9999794 0.0 1.0
0.0013280571 0.998672 0.0 1.0
0.9962794 0.0037205701 1.0 0.0
0.9999895 1.045727e-05 1.0 0.0
6.4242064e-05 0.99993575 0.0 1.0
0.010645182 0.98935485 0.0 1.0
1.4123803e-05 0.99998593 0.0 1.0
0.99999726 2.7468298e-06 1.0 0.0
0.999694 0.00030604142 1.0 0.0
0.9778252 0.022174777 1.0 0.0
0.00068718346 0.9993129 0.0 1.0
0.00050084124 0.9994992 0.0 1.0
5.1783405e-05 0.99994826 0.0 1.0
1.4123803e-05 0.99998593 0.0 1.0
0.00011057764 0.9998894 0.0 1.0
0.00023330707 0.99976665 0.0 1.0
2.6156473e-05 0.9999739 0.0 1.0
2.3565379e-05 0.9999764 0.0 1.0
1.4123803e-05 0.99998593 0.0 1.0
0.000121813275 0.99987817 0.0 1.0
0.7844817 0.21551827 1.0 0.0
2.4409776e-05 0.99997556 0.0 1.0
9.450262e-05 0.99990547 0.0 1.0
1.3895185e-05 0.99998605 0.0 1.0
0.9999447 5.535796e-05 1.0 0.0
0.9834208 0.01657924 1.0 0.0
0.0009027215 0.99909735 0.0 1.0
3.2648484e-05 0.99996734 0.0 1.0
0.014179556 0.9858204 0.0 1.0
0.0015901731 0.99840975 0.0 1.0
0.9990865 0.00091353373 1.0 0.0
1.6230182e-05 0.9999838 0.0 1.0
2.9528637e-05 0.99997044 0.0 1.0
4.3519274e-05 0.9999565 0.0 1.0
2.671756e-05 0.9999733 0.0 1.0
3.9016784e-05 0.999961 0.0 1.0
0.9956682 0.0043318477 1.0 0.0
3.0804316e-05 0.99996924 0.0 1.0
0.9167085 0.08329145 1.0 0.0
3.3979453e-05 0.999966 0.0 1.0
0.9999949 5.100214e-06 1.0 0.0
1.1639443e-05 0.9999883 0.0 1.0
4.8507874e-05 0.9999515 0.0 1.0
0.00046189287 0.9995382 0.0 1.0
4.1947205e-05 0.99995804 0.0 1.0
0.00011115931 0.9998888 0.0 1.0
0.059996467 0.94000345 0.0 1.0
1.4391683e-05 0.9999856 0.0 1.0
9.444046e-05 0.9999056 0.0 1.0
0.010270628 0.9897294 0.0 1.0
2.6627848e-05 0.9999734 0.0 1.0
0.99991333 8.659884e-05 1.0 0.0
2.5897447e-05 0.99997413 0.0 1.0
5.3752425e-05 0.99994624 0.0 1.0
0.9841696 0.015830392 1.0 0.0
4.3824173e-05 0.99995613 0.0 1.0
9.444046e-05 0.9999056 0.0 1.0
8.697872e-05 0.999913 0.0 1.0
0.9422882 0.057711784 1.0 0.0
6.735424e-05 0.99993265 0.0 1.0
3.6661873e-05 0.9999633 0.0 1.0
0.005174511 0.9948255 0.0 1.0
7.153817e-05 0.9999285 0.0 1.0
4.998341e-05 0.99995005 0.0 1.0
1.1639443e-05 0.9999883 0.0 1.0
0.98230916 0.01769085 1.0 0.0
1.4123803e-05 0.99998593 0.0 1.0
0.99675673 0.003243234 1.0 0.0
3.762442e-05 0.99996233 0.0 1.0
4.130049e-05 0.99995875 0.0 1.0
2.9069659e-05 0.9999709 0.0 1.0
0.0003832945 0.9996166 0.0 1.0
0.0018563521 0.9981437 0.0 1.0
2.5917408e-05 0.99997413 0.0 1.0
4.2805234e-05 0.9999572 0.0 1.0
1.7678549e-05 0.99998236 0.0 1.0
2.865512e-05 0.9999714 0.0 1.0
0.0016312196 0.9983688 0.0 1.0
2.5495174e-05 0.9999745 0.0 1.0
0.0011040223 0.998896 0.0 1.0
0.00030746273 0.99969256 0.0 1.0
0.00068918255 0.99931085 0.0 1.0
0.0010472804 0.99895275 0.0 1.0
0.00031168407 0.9996884 0.0 1.0
0.010645182 0.98935485 0.0 1.0
2.7019421e-05 0.99997294 0.0 1.0
3.7600934e-05 0.99996245 0.0 1.0
0.13780585 0.8621942 0.0 1.0
4.7882684e-05 0.9999521 0.0 1.0
0.9999963 3.647742e-06 1.0 0.0
0.99910766 0.00089231745 1.0 0.0
1.4123803e-05 0.99998593 0.0 1.0
4.3824173e-05 0.99995613 0.0 1.0
0.037341952 0.96265805 0.0 1.0
0.99994826 5.1741095e-05 1.0 0.0
0.9981963 0.0018036565 1.0 0.0
5.8514932e-05 0.99994147 0.0 1.0
0.9999889 1.10536075e-05 1.0 0.0
5.179614e-05 0.99994814 0.0 1.0
3.7487935e-05 0.99996257 0.0 1.0
0.00021542399 0.99978465 0.0 1.0
0.0011040223 0.998896 0.0 1.0
0.00046189287 0.9995382 0.0 1.0
0.0006587103 0.9993413 0.0 1.0
4.0339994e-05 0.9999597 0.0 1.0
1.7280185e-05 0.9999827 0.0 1.0
0.00046189287 0.9995382 0.0 1.0
1.3716576e-05 0.9999863 0.0 1.0
1.5589769e-05 0.9999844 0.0 1.0
2.1839393e-05 0.9999782 0.0 1.0
0.8293215 0.1706785 1.0 0.0
3.723866e-05 0.9999628 0.0 1.0
3.9016784e-05 0.999961 0.0 1.0
3.7792393e-05 0.9999622 0.0 1.0
0.00050769193 0.9994923 0.0 1.0
6.198911e-05 0.999938 0.0 1.0
1.6703796e-05 0.9999833 0.0 1.0
0.002994937 0.99700505 0.0 1.0
4.240604e-05 0.99995756 0.0 1.0
1.4391683e-05 0.9999856 0.0 1.0
6.0500748e-05 0.99993944 0.0 1.0
5.7214158e-05 0.9999428 0.0 1.0
2.0777838e-05 0.99997926 0.0 1.0
8.182634e-05 0.9999182 0.0 1.0
3.0607127e-05 0.99996936 0.0 1.0
2.3565379e-05 0.9999764 0.0 1.0
1.6495487e-05 0.99998355 0.0 1.0
0.99629325 0.0037067775 1.0 0.0
0.9999527 4.7311147e-05 1.0 0.0
6.117565e-05 0.99993885 0.0 1.0
0.0007946362 0.9992054 0.0 1.0
1.5330039e-05 0.9999846 0.0 1.0
0.00046189287 0.9995382 0.0 1.0
5.8725567e-05 0.99994123 0.0 1.0
0.017659593 0.98234034 0.0 1.0
2.3565379e-05 0.9999764 0.0 1.0
0.00046189287 0.9995382 0.0 1.0
0.03921844 0.9607816 0.0 1.0
0.0005063224 0.9994937 0.0 1.0
0.013601433 0.98639864 0.0 1.0
0.0055139055 0.99448615 0.0 1.0
0.00076835486 0.9992317 0.0 1.0
1.7510254e-05 0.9999825 0.0 1.0
0.0017196857 0.9982803 0.0 1.0
0.001285068 0.9987149 0.0 1.0
0.0005063224 0.9994937 0.0 1.0
0.99992 7.99293e-05 1.0 0.0
2.3027691e-05 0.999977 0.0 1.0
0.00064326765 0.9993567 0.0 1.0
0.0005109622 0.99948907 0.0 1.0
1.4391683e-05 0.9999856 0.0 1.0
0.0028022924 0.99719775 0.0 1.0
0.000104740946 0.9998952 0.0 1.0
6.5387896e-05 0.99993455 0.0 1.0
5.4260643e-05 0.99994576 0.0 1.0
0.00046189287 0.9995382 0.0 1.0
0.9999995 4.6796313e-07 1.0 0.0
2.6009466e-05 0.999974 0.0 1.0
3.247881e-05 0.9999676 0.0 1.0
7.4007396e-05 0.999926 0.0 1.0
3.7186954e-05 0.9999628 0.0 1.0
1.1639443e-05 0.9999883 0.0 1.0
5.0328068e-05 0.9999497 0.0 1.0
0.00076835486 0.9992317 0.0 1.0
1.1639443e-05 0.9999883 0.0 1.0
0.99999285 7.116167e-06 1.0 0.0
0.99993 6.991669e-05 1.0 0.0
1.1686025e-05 0.9999883 0.0 1.0
0.99999917 8.6384375e-07 1.0 0.0
0.99991167 8.8326924e-05 1.0 0.0
0.003122305 0.9968777 0.0 1.0
3.762442e-05 0.99996233 0.0 1.0
0.0013666012 0.9986333 0.0 1.0
0.99982196 0.0001780199 1.0 0.0
0.00036698746 0.99963295 0.0 1.0
0.012457283 0.98754275 0.0 1.0
0.00012466229 0.9998753 0.0 1.0
1.1686025e-05 0.9999883 0.0 1.0
1.9154162e-05 0.9999808 0.0 1.0
0.9984931 0.0015069341 1.0 0.0
0.9999975 2.4618837e-06 1.0 0.0
2.3565379e-05 0.9999764 0.0 1.0
0.9999974 2.5834343e-06 1.0 0.0
0.99994385 5.6135857e-05 1.0 0.0
3.019107e-05 0.99996984 0.0 1.0
1.4048789e-05 0.99998593 0.0 1.0
0.00045061787 0.9995493 0.0 1.0
2.2294118e-05 0.9999777 0.0 1.0
1.1639443e-05 0.9999883 0.0 1.0
0.001023353 0.9989767 0.0 1.0
0.99999976 2.024001e-07 1.0 0.0
3.247881e-05 0.9999676 0.0 1.0
1.4123803e-05 0.99998593 0.0 1.0
4.6048328e-05 0.999954 0.0 1.0
0.0013142764 0.9986858 0.0 1.0
2.5495174e-05 0.9999745 0.0 1.0
0.99999964 3.6507137e-07 1.0 0.0
0.00032724187 0.9996728 0.0 1.0
4.3824173e-05 0.99995613 0.0 1.0
0.00043384937 0.99956614 0.0 1.0
0.0019946974 0.99800533 0.0 1.0
0.000121813275 0.99987817 0.0 1.0
0.0014349315 0.99856514 0.0 1.0
0.0004455071 0.99955446 0.0 1.0
1.4889242e-05 0.9999851 0.0 1.0
1.7691922e-05 0.99998236 0.0 1.0
1.4123803e-05 0.99998593 0.0 1.0
3.7517726e-05 0.99996245 0.0 1.0
2.2856686e-05 0.9999771 0.0 1.0
1.412379e-05 0.99998593 0.0 1.0
2.9366016e-05 0.9999707 0.0 1.0
2.7273201e-05 0.9999727 0.0 1.0
5.454681e-05 0.9999454 0.0 1.0
0.9806159 0.019384114 1.0 0.0
0.9999863 1.3684187e-05 1.0 0.0
1.41465425e-05 0.9999858 0.0 1.0
0.00046189287 0.9995382 0.0 1.0
0.00014351527 0.9998565 0.0 1.0
0.00035742935 0.9996426 0.0 1.0
2.3027691e-05 0.999977 0.0 1.0
0.9953288 0.004671178 1.0 0.0
5.0587714e-05 0.99994946 0.0 1.0
0.99999297 7.047886e-06 1.0 0.0
4.5360954e-05 0.9999546 0.0 1.0
6.117565e-05 0.99993885 0.0 1.0
0.0047139535 0.99528605 0.0 1.0
3.7792393e-05 0.9999622 0.0 1.0
1.4025282e-05 0.99998593 0.0 1.0
2.3565379e-05 0.9999764 0.0 1.0
1.4025282e-05 0.99998593 0.0 1.0
0.0018353612 0.9981647 0.0 1.0
0.00014369012 0.99985623 0.0 1.0
1.1686025e-05 0.9999883 0.0 1.0
3.110782e-05 0.9999689 0.0 1.0
0.00028301615 0.99971694 0.0 1.0
0.0019615486 0.9980385 0.0 1.0
1.4123803e-05 0.99998593 0.0 1.0
1.707991e-05 0.99998295 0.0 1.0
1.1767775e-05 0.9999882 0.0 1.0
6.117565e-05 0.99993885 0.0 1.0
6.2690706e-05 0.9999373 0.0 1.0
2.3565379e-05 0.9999764 0.0 1.0
0.9978294 0.0021706098 1.0 0.0
0.99161834 0.008381702 1.0 0.0
1.4391683e-05 0.9999856 0.0 1.0
1.7510254e-05 0.9999825 0.0 1.0
1.9004383e-05 0.99998105 0.0 1.0
0.9874927 0.0125073325 1.0 0.0
1.970669e-05 0.99998033 0.0 1.0
0.0039390307 0.9960609 0.0 1.0
1.930343e-05 0.9999807 0.0 1.0
0.009264949 0.99073505 0.0 1.0
0.0011180904 0.9988819 0.0 1.0
1.4123803e-05 0.99998593 0.0 1.0
0.0003097308 0.9996903 0.0 1.0
5.0587714e-05 0.99994946 0.0 1.0
0.9989104 0.0010895743 1.0 0.0
2.5834297e-05 0.99997413 0.0 1.0
1.6068214e-05 0.9999839 0.0 1.0
0.8899721 0.11002792 1.0 0.0
1.9154162e-05 0.9999808 0.0 1.0
7.196471e-05 0.999928 0.0 1.0
0.005139094 0.9948608 0.0 1.0
1.4345834e-05 0.9999857 0.0 1.0
0.00068718346 0.9993129 0.0 1.0
7.315885e-05 0.9999268 0.0 1.0
0.9999914 8.537433e-06 1.0 0.0
0.012833851 0.9871661 0.0 1.0
0.000121813275 0.99987817 0.0 1.0
0.0016206439 0.99837935 0.0 1.0
0.0008473461 0.99915266 0.0 1.0
0.0018307457 0.9981692 0.0 1.0
0.3442019 0.6557981 1.0 0.0
2.6009491e-05 0.999974 0.0 1.0
1.7279262e-05 0.9999827 0.0 1.0
0.00036330524 0.99963665 0.0 1.0
0.9953288 0.004671178 1.0 0.0
0.9999871 1.2865821e-05 1.0 0.0
0.9999385 6.148521e-05 1.0 0.0
0.9999088 9.119653e-05 1.0 0.0
0.99782467 0.002175379 1.0 0.0
1.3947813e-05 0.99998605 0.0 1.0
0.99921954 0.0007804382 1.0 0.0
4.756076e-05 0.99995244 0.0 1.0
2.5446136e-05 0.9999746 0.0 1.0
6.5818625e-05 0.9999342 0.0 1.0
6.269059e-05 0.9999373 0.0 1.0
4.6048328e-05 0.999954 0.0 1.0
1.1639443e-05 0.9999883 0.0 1.0
0.002217661 0.9977824 0.0 1.0
0.000160482 0.99983954 0.0 1.0
0.00015584617 0.9998441 0.0 1.0
1.4391683e-05 0.9999856 0.0 1.0
0.0011040223 0.998896 0.0 1.0
3.368964e-05 0.99996626 0.0 1.0
1.4123803e-05 0.99998593 0.0 1.0
0.99921274 0.0007871778 1.0 0.0
0.00031902897 0.999681 0.0 1.0
0.00011115931 0.9998888 0.0 1.0
7.9354846e-05 0.9999206 0.0 1.0
2.3565379e-05 0.9999764 0.0 1.0
0.004956915 0.99504304 0.0 1.0
2.3027691e-05 0.999977 0.0 1.0
0.0009202895 0.9990797 0.0 1.0
0.00030574304 0.9996942 0.0 1.0
0.0015366948 0.9984633 0.0 1.0
0.000121813275 0.99987817 0.0 1.0
1.1686025e-05 0.9999883 0.0 1.0
0.0011713421 0.9988287 0.0 1.0
0.0004077346 0.99959224 0.0 1.0
0.99997735 2.2597493e-05 1.0 0.0
6.280572e-05 0.9999372 0.0 1.0
4.2805234e-05 0.9999572 0.0 1.0
0.9999716 2.8365563e-05 1.0 0.0
1.1639443e-05 0.9999883 0.0 1.0
0.00023184333 0.9997682 0.0 1.0
2.4141187e-05 0.9999758 0.0 1.0
1.7510254e-05 0.9999825 0.0 1.0
0.00043949214 0.99956053 0.0 1.0
1.1639443e-05 0.9999883 0.0 1.0
1.4123803e-05 0.99998593 0.0 1.0
0.0011040223 0.998896 0.0 1.0
2.6009466e-05 0.999974 0.0 1.0
2.2416532e-05 0.9999776 0.0 1.0
2.6261672e-05 0.9999738 0.0 1.0
4.0716666e-05 0.99995923 0.0 1.0
1.578053e-05 0.99998426 0.0 1.0
1.921507e-05 0.9999808 0.0 1.0
3.2648484e-05 0.99996734 0.0 1.0
1.3809029e-05 0.9999862 0.0 1.0
0.99991167 8.8326924e-05 1.0 0.0
0.00082248705 0.9991775 0.0 1.0
2.0060417e-05 0.99998 0.0 1.0
2.459885e-05 0.99997544 0.0 1.0
0.000600252 0.9993998 0.0 1.0
0.99629325 0.0037067775 1.0 0.0
0.0060166395 0.9939833 0.0 1.0
0.99995506 4.4893084e-05 1.0 0.0
3.7186954e-05 0.9999628 0.0 1.0
0.99590284 0.0040971907 1.0 0.0
0.9999858 1.4239382e-05 1.0 0.0
0.00032907366 0.999671 0.0 1.0
1.1686025e-05 0.9999883 0.0 1.0
1.4391683e-05 0.9999856 0.0 1.0
0.0010208135 0.9989792 0.0 1.0
0.0011817783 0.9988182 0.0 1.0
0.000121813275 0.99987817 0.0 1.0
2.4223795e-05 0.9999758 0.0 1.0
0.99867684 0.0013230954 1.0 0.0
0.00014226502 0.99985766 0.0 1.0
3.361102e-05 0.9999664 0.0 1.0
0.000121813275 0.99987817 0.0 1.0
0.99629325 0.0037067775 1.0 0.0
0.0010027231 0.9989973 0.0 1.0
2.293446e-05 0.9999771 0.0 1.0
2.337085e-05 0.99997663 0.0 1.0
0.99954873 0.00045128848 1.0 0.0
0.99999774 2.208937e-06 1.0 0.0
0.0018876779 0.9981123 0.0 1.0
1.4053346e-05 0.99998593 0.0 1.0
0.00076835486 0.9992317 0.0 1.0
3.3281955e-05 0.99996674 0.0 1.0
0.07692545 0.92307454 0.0 1.0
0.000121813275 0.99987817 0.0 1.0
0.0073273308 0.9926726 0.0 1.0
4.818657e-05 0.99995184 0.0 1.0
0.9999871 1.2865821e-05 1.0 0.0
1.5360301e-05 0.9999846 0.0 1.0
1.6269205e-05 0.9999838 0.0 1.0
1.751027e-05 0.9999825 0.0 1.0
1.9154162e-05 0.9999808 0.0 1.0
0.00013539498 0.9998646 0.0 1.0
1.4049258e-05 0.99998593 0.0 1.0
0.009816669 0.9901833 0.0 1.0
0.0014408303 0.9985592 0.0 1.0
1.8309895e-05 0.99998164 0.0 1.0
0.009816669 0.9901833 0.0 1.0
0.00081583386 0.9991842 0.0 1.0
0.8650772 0.13492274 1.0 0.0
2.3565379e-05 0.9999764 0.0 1.0
3.7325055e-05 0.9999627 0.0 1.0
0.99991167 8.8326924e-05 1.0 0.0
0.99999905 9.1934726e-07 1.0 0.0
0.000121813275 0.99987817 0.0 1.0
0.007544909 0.9924551 0.0 1.0
0.8918441 0.10815593 1.0 0.0
0.9999534 4.660977e-05 1.0 0.0
0.0066943276 0.9933056 0.0 1.0
5.2016712e-05 0.999948 0.0 1.0
0.0028060619 0.99719393 0.0 1.0
2.4223795e-05 0.9999758 0.0 1.0
1.1639443e-05 0.9999883 0.0 1.0
1.4391683e-05 0.9999856 0.0 1.0
0.992258 0.0077419532 1.0 0.0
0.00045003576 0.9995499 0.0 1.0
5.0587714e-05 0.99994946 0.0 1.0
0.47571182 0.5242882 1.0 0.0
3.2351018e-05 0.9999677 0.0 1.0
0.0001194675 0.99988055 0.0 1.0
0.0010592378 0.99894077 0.0 1.0
0.9985476 0.0014523136 1.0 0.0
0.00029865524 0.9997013 0.0 1.0
0.99995637 4.3581156e-05 1.0 0.0
0.99999213 7.875236e-06 1.0 0.0
0.98470193 0.01529807 1.0 0.0
0.9962794 0.0037205701 1.0 0.0
0.99991167 8.8326924e-05 1.0 0.0
3.4911445e-05 0.9999651 0.0 1.0
3.7792393e-05 0.9999622 0.0 1.0
0.000121813275 0.99987817 0.0 1.0
0.010645182 0.98935485 0.0 1.0
0.99999964 3.1871014e-07 1.0 0.0
0.000121813275 0.99987817 0.0 1.0
1.68517e-05 0.9999832 0.0 1.0
0.011950402 0.98804957 0.0 1.0
0.0006906764 0.9993093 0.0 1.0
1.6928516e-05 0.9999831 0.0 1.0
0.00043949214 0.99956053 0.0 1.0
0.00044327 0.9995567 0.0 1.0
0.010645182 0.98935485 0.0 1.0
0.00046189287 0.9995382 0.0 1.0
0.9990927 0.0009072851 1.0 0.0
2.0655054e-05 0.9999794 0.0 1.0
3.2648484e-05 0.99996734 0.0 1.0
0.99989974 0.000100233614 1.0 0.0
2.1780821e-05 0.9999782 0.0 1.0
1.6480753e-05 0.99998355 0.0 1.0
0.99629325 0.0037067775 1.0 0.0
0.0007722806 0.99922776 0.0 1.0
0.00022253685 0.9997775 0.0 1.0
0.0002398661 0.9997601 0.0 1.0
2.9610133e-05 0.99997044 0.0 1.0
1.933031e-05 0.9999807 0.0 1.0
1.9643514e-05 0.99998033 0.0 1.0
2.5637415e-05 0.99997437 0.0 1.0
1.4391683e-05 0.9999856 0.0 1.0
0.00015811113 0.9998418 0.0 1.0
0.9953288 0.004671178 1.0 0.0
0.0002415039 0.99975854 0.0 1.0
4.2982516e-05 0.99995697 0.0 1.0
2.6713204e-05 0.9999733 0.0 1.0
0.00027705848 0.9997229 0.0 1.0
0.00012977466 0.9998702 0.0 1.0
2.3565379e-05 0.9999764 0.0 1.0
0.8899721 0.11002792 1.0 0.0
0.99999905 9.9622e-07 1.0 0.0
0.00017848611 0.9998215 0.0 1.0
4.7948943e-05 0.9999521 0.0 1.0
0.0005063224 0.9994937 0.0 1.0
0.000121813275 0.99987817 0.0 1.0
0.99995196 4.803123e-05 1.0 0.0
0.9999502 4.9883318e-05 1.0 0.0
2.3565379e-05 0.9999764 0.0 1.0
8.697872e-05 0.999913 0.0 1.0
0.00023184333 0.9997682 0.0 1.0
4.0759358e-05 0.99995923 0.0 1.0
2.7899161e-05 0.9999721 0.0 1.0
4.3389075e-05 0.9999566 0.0 1.0
1.3241096e-05 0.99998677 0.0 1.0
0.9999989 1.0725669e-06 1.0 0.0
0.9826654 0.017334549 1.0 0.0
3.0374942e-05 0.9999696 0.0 1.0
0.00013288826 0.9998671 0.0 1.0
2.6261698e-05 0.9999738 0.0 1.0
2.0655054e-05 0.9999794 0.0 1.0
1.1639443e-05 0.9999883 0.0 1.0
0.999767 0.0002330243 1.0 0.0
2.3027691e-05 0.999977 0.0 1.0
2.923965e-05 0.9999708 0.0 1.0
1.1686025e-05 0.9999883 0.0 1.0
2.4318879e-05 0.9999757 0.0 1.0
0.9953288 0.004671178 1.0 0.0
0.9999994 5.5405724e-07 1.0 0.0
0.00046189287 0.9995382 0.0 1.0
2.505405e-05 0.99997497 0.0 1.0
0.009475482 0.9905246 0.0 1.0
1.4123803e-05 0.99998593 0.0 1.0
0.9999567 4.3284515e-05 1.0 0.0
0.00054743123 0.99945253 0.0 1.0
4.2805234e-05 0.9999572 0.0 1.0
1.1639443e-05 0.9999883 0.0 1.0
1.7510254e-05 0.9999825 0.0 1.0
0.99998415 1.584258e-05 1.0 0.0
0.0008077353 0.9991923 0.0 1.0
0.0001774977 0.99982256 0.0 1.0
0.99999 1.0032514e-05 1.0 0.0
0.999985 1.4968642e-05 1.0 0.0
0.0007868111 0.9992132 0.0 1.0
2.2622611e-05 0.99997735 0.0 1.0
3.252362e-05 0.99996746 0.0 1.0
1.6230182e-05 0.9999838 0.0 1.0
6.330823e-05 0.9999367 0.0 1.0
0.9999703 2.9731436e-05 1.0 0.0
0.007920739 0.9920793 0.0 1.0
2.1780821e-05 0.9999782 0.0 1.0
0.00033145965 0.9996686 0.0 1.0
0.9999554 4.4558186e-05 1.0 0.0
0.00012710302 0.9998729 0.0 1.0
0.9996952 0.00030486725 1.0 0.0
5.7994625e-05 0.99994195 0.0 1.0
6.385196e-05 0.9999361 0.0 1.0
1.1686025e-05 0.9999883 0.0 1.0
1.4025282e-05 0.99998593 0.0 1.0
0.00013229226 0.9998677 0.0 1.0
0.00028533424 0.9997147 0.0 1.0
0.99999475 5.191623e-06 1.0 0.0
0.99675673 0.003243234 1.0 0.0
0.0008483091 0.9991517 0.0 1.0
3.7792393e-05 0.9999622 0.0 1.0
1.515452e-05 0.99998486 0.0 1.0
1.08118975e-05 0.99998915 0.0 1.0
0.00046189287 0.9995382 0.0 1.0
0.99999213 7.8993135e-06 1.0 0.0
1.6480753e-05 0.99998355 0.0 1.0
0.9999852 1.4769473e-05 1.0 0.0
3.0051639e-05 0.99996996 0.0 1.0
4.554257e-05 0.99995446 0.0 1.0
1.584261e-05 0.99998415 0.0 1.0
1.337578e-05 0.99998665 0.0 1.0
1.4889242e-05 0.9999851 0.0 1.0
3.368964e-05 0.99996626 0.0 1.0
1.4123803e-05 0.99998593 0.0 1.0
0.0026162623 0.9973838 0.0 1.0
9.697641e-06 0.99999034 0.0 1.0
0.0002738992 0.9997261 0.0 1.0
0.9999976 2.375251e-06 1.0 0.0
2.0655054e-05 0.9999794 0.0 1.0
1.41465425e-05 0.9999858 0.0 1.0
3.8233084e-05 0.99996173 0.0 1.0
0.9989241 0.0010758399 1.0 0.0
0.81368166 0.18631835 1.0 0.0
0.002818505 0.99718153 0.0 1.0
1.2765067e-05 0.99998724 0.0 1.0
1.1639443e-05 0.9999883 0.0 1.0
0.0063620717 0.99363786 0.0 1.0
2.8204795e-05 0.99997175 0.0 1.0
0.9324182 0.06758171 1.0 0.0
0.98353994 0.016460076 1.0 0.0
1.4889242e-05 0.9999851 0.0 1.0
1.9595203e-05 0.99998045 0.0 1.0
7.9111705e-05 0.99992085 0.0 1.0
3.7186954e-05 0.9999628 0.0 1.0
2.1839393e-05 0.9999782 0.0 1.0
1.177359e-05 0.9999882 0.0 1.0
0.9999994 5.9600205e-07 1.0 0.0
0.000576836 0.99942315 0.0 1.0
0.9999865 1.3523475e-05 1.0 0.0
0.9985476 0.0014523129 1.0 0.0
0.00024964823 0.9997503 0.0 1.0
0.000121813275 0.99987817 0.0 1.0
1.4123803e-05 0.99998593 0.0 1.0
1.1639443e-05 0.9999883 0.0 1.0
0.9980578 0.0019421717 1.0 0.0
0.9999994 6.438802e-07 1.0 0.0
1.4345834e-05 0.9999857 0.0 1.0
0.013972697 0.98602736 0.0 1.0
0.99590284 0.0040971907 1.0 0.0
0.9999447 5.535796e-05 1.0 0.0
1.5330039e-05 0.9999846 0.0 1.0
1.7510254e-05 0.9999825 0.0 1.0
0.03921841 0.9607816 0.0 1.0
0.0014210119 0.998579 0.0 1.0
3.551074e-05 0.9999645 0.0 1.0
0.007423642 0.99257636 0.0 1.0
2.4556237e-05 0.99997544 0.0 1.0
0.0012683021 0.9987317 0.0 1.0
0.00022360646 0.9997764 0.0 1.0
3.268824e-05 0.99996734 0.0 1.0
0.9794516 0.020548416 1.0 0.0
1.6068214e-05 0.9999839 0.0 1.0
0.005057387 0.9949426 0.0 1.0
1.4889242e-05 0.9999851 0.0 1.0
1.4123803e-05 0.99998593 0.0 1.0
0.000121813275 0.99987817 0.0 1.0
4.6542522e-05 0.9999535 0.0 1.0
4.7624886e-05 0.9999523 0.0 1.0
0.99995124 4.879241e-05 1.0 0.0
0.9987295 0.0012704664 1.0 0.0
2.6009466e-05 0.999974 0.0 1.0
0.00030848125 0.9996915 0.0 1.0
1.3716576e-05 0.9999863 0.0 1.0
1.3838666e-05 0.9999862 0.0 1.0
4.3790125e-05 0.99995625 0.0 1.0
6.218769e-05 0.9999378 0.0 1.0
0.012833851 0.9871661 0.0 1.0
0.008142928 0.99185705 0.0 1.0
0.99999964 3.7742012e-07 1.0 0.0
0.0012582517 0.9987418 0.0 1.0
4.3824173e-05 0.99995613 0.0 1.0
1.5479518e-05 0.9999845 0.0 1.0
0.000121813275 0.99987817 0.0 1.0
1.4391683e-05 0.9999856 0.0 1.0
0.00011405961 0.9998859 0.0 1.0
0.009060889 0.99093914 0.0 1.0
0.99675673 0.003243234 1.0 0.0
0.00013539498 0.9998646 0.0 1.0
0.004240087 0.9957599 0.0 1.0
1.8309895e-05 0.99998164 0.0 1.0
0.012417544 0.98758245 0.0 1.0
1.1800051e-05 0.9999882 0.0 1.0
0.000121813275 0.99987817 0.0 1.0
1.3484569e-05 0.9999865 0.0 1.0
4.4710698e-05 0.9999553 0.0 1.0
0.00054743123 0.99945253 0.0 1.0
0.99912864 0.00087142177 1.0 0.0
0.0099902125 0.9900097 0.0 1.0
0.99209094 0.007909035 1.0 0.0
3.840839e-05 0.9999616 0.0 1.0
0.9999591 4.088471e-05 1.0 0.0
3.7792393e-05 0.9999622 0.0 1.0
5.39093e-05 0.9999461 0.0 1.0
3.7792393e-05 0.9999622 0.0 1.0
2.3565379e-05 0.9999764 0.0 1.0
0.00013006332 0.99986994 0.0 1.0
0.9999999 1.2511917e-07 1.0 0.0
3.7792393e-05 0.9999622 0.0 1.0
0.000121813275 0.99987817 0.0 1.0
1.1686025e-05 0.9999883 0.0 1.0
0.0007495217 0.9992505 0.0 1.0
2.2619784e-05 0.99997735 0.0 1.0
0.006924544 0.9930755 0.0 1.0
4.0836003e-05 0.9999591 0.0 1.0
2.7744558e-05 0.9999722 0.0 1.0
0.9999962 3.7562506e-06 1.0 0.0
1.7202545e-05 0.99998283 0.0 1.0
0.00023957172 0.99976045 0.0 1.0
1.4123803e-05 0.99998593 0.0 1.0
1.1639443e-05 0.9999883 0.0 1.0
3.1577285e-05 0.9999684 0.0 1.0
3.0607127e-05 0.99996936 0.0 1.0
0.0037140078 0.9962859 0.0 1.0
0.000113831 0.99988616 0.0 1.0
4.476812e-05 0.9999552 0.0 1.0
4.0339994e-05 0.9999597 0.0 1.0
5.0587714e-05 0.99994946 0.0 1.0
0.9999447 5.535796e-05 1.0 0.0
5.5483164e-05 0.99994457 0.0 1.0
5.9709382e-05 0.9999403 0.0 1.0
0.00031741496 0.99968255 0.0 1.0
1.1639443e-05 0.9999883 0.0 1.0
0.007729286 0.9922707 0.0 1.0
4.8791342e-05 0.99995124 0.0 1.0
5.316606e-05 0.99994683 0.0 1.0
1.6480753e-05 0.99998355 0.0 1.0
0.0013280571 0.998672 0.0 1.0
2.0655054e-05 0.9999794 0.0 1.0
1.4391683e-05 0.9999856 0.0 1.0
0.006973652 0.9930264 0.0 1.0
0.00020405775 0.999796 0.0 1.0
2.4265273e-05 0.9999757 0.0 1.0
0.99950194 0.0004980352 1.0 0.0
0.000109838016 0.9998902 0.0 1.0
2.803668e-05 0.999972 0.0 1.0
6.7278816e-05 0.99993277 0.0 1.0
1.4178701e-05 0.9999858 0.0 1.0
8.886195e-05 0.9999112 0.0 1.0
8.5269545e-05 0.99991477 0.0 1.0
0.9999994 6.285222e-07 1.0 0.0
0.0003377728 0.9996623 0.0 1.0
0.99999774 2.3244056e-06 1.0 0.0
2.1839393e-05 0.9999782 0.0 1.0
0.0023633926 0.99763656 0.0 1.0
1.4123803e-05 0.99998593 0.0 1.0
1.1711149e-05 0.9999883 0.0 1.0
0.00030574304 0.9996942 0.0 1.0
0.003817579 0.9961824 0.0 1.0
1.3203619e-05 0.99998677 0.0 1.0
1.7849648e-05 0.9999821 0.0 1.0
1.5330039e-05 0.9999846 0.0 1.0
4.0355153e-05 0.9999596 0.0 1.0
8.909706e-05 0.99991095 0.0 1.0
0.000121813275 0.99987817 0.0 1.0
1.5375457e-05 0.9999846 0.0 1.0
0.9985362 0.0014637454 1.0 0.0
6.1774306e-05 0.99993825 0.0 1.0
5.3118776e-05 0.99994683 0.0 1.0
1.6703796e-05 0.9999833 0.0 1.0
2.2426262e-05 0.9999776 0.0 1.0
0.99999845 1.5287247e-06 1.0 0.0
0.000121813275 0.99987817 0.0 1.0
1.7202561e-05 0.99998283 0.0 1.0
1.5330039e-05 0.9999846 0.0 1.0
2.3565379e-05 0.9999764 0.0 1.0
3.0887946e-05 0.9999691 0.0 1.0
0.00046189287 0.9995382 0.0 1.0
0.0013883652 0.99861157 0.0 1.0
0.010645182 0.98935485 0.0 1.0
0.00010970445 0.9998903 0.0 1.0
0.002451094 0.9975489 0.0 1.0
1.11116115e-05 0.9999889 0.0 1.0
5.3785036e-05 0.99994624 0.0 1.0
0.00050769193 0.9994923 0.0 1.0
0.95192754 0.04807247 1.0 0.0
0.00025389023 0.99974614 0.0 1.0
0.9999987 1.3271842e-06 1.0 0.0
0.002320653 0.9976794 0.0 1.0
0.9953288 0.004671178 1.0 0.0
0.002692837 0.9973072 0.0 1.0
2.6261347e-05 0.9999738 0.0 1.0
2.3027691e-05 0.999977 0.0 1.0
4.3824173e-05 0.99995613 0.0 1.0
2.4556237e-05 0.99997544 0.0 1.0
2.7810758e-05 0.9999722 0.0 1.0
2.3751878e-05 0.9999763 0.0 1.0
0.000121813275 0.99987817 0.0 1.0
0.0015668015 0.9984332 0.0 1.0
2.3565379e-05 0.9999764 0.0 1.0
0.0004455071 0.99955446 0.0 1.0
0.012833851 0.9871661 0.0 1.0
1.2245043e-05 0.9999877 0.0 1.0
9.496985e-05 0.999905 0.0 1.0
0.00029430736 0.9997056 0.0 1.0
8.2911596e-05 0.99991703 0.0 1.0
0.00046189287 0.9995382 0.0 1.0
0.92989194 0.07010811 1.0 0.0
6.377244e-05 0.9999362 0.0 1.0
0.9999788 2.1247164e-05 1.0 0.0
0.9975485 0.0024514906 1.0 0.0
2.6713204e-05 0.9999733 0.0 1.0
5.6107754e-05 0.99994385 0.0 1.0
0.0001489025 0.9998511 0.0 1.0
2.1839372e-05 0.9999782 0.0 1.0
0.9999236 7.636425e-05 1.0 0.0
2.3565379e-05 0.9999764 0.0 1.0
3.7792393e-05 0.9999622 0.0 1.0
1.6480753e-05 0.99998355 0.0 1.0
9.874606e-05 0.9999013 0.0 1.0
6.269059e-05 0.9999373 0.0 1.0
2.9951843e-05 0.9999701 0.0 1.0
2.2702816e-05 0.99997735 0.0 1.0
0.99629325 0.0037067775 1.0 0.0
3.7792393e-05 0.9999622 0.0 1.0
3.0450672e-05 0.9999696 0.0 1.0
1.6480753e-05 0.99998355 0.0 1.0
0.99994826 5.1741095e-05 1.0 0.0
2.9644996e-05 0.9999703 0.0 1.0
0.00032616203 0.99967384 0.0 1.0
2.4556237e-05 0.99997544 0.0 1.0
0.99518365 0.0048163673 1.0 0.0
1.4345834e-05 0.9999857 0.0 1.0
2.4556237e-05 0.99997544 0.0 1.0
7.0274975e-05 0.99992967 0.0 1.0
1.9265746e-05 0.9999807 0.0 1.0
0.00044975232 0.9995503 0.0 1.0
0.9967512 0.0032488036 1.0 0.0
0.0003305218 0.99966943 0.0 1.0
1.08118975e-05 0.99998915 0.0 1.0
0.00023379429 0.9997662 0.0 1.0
0.01847773 0.9815223 0.0 1.0
0.9999976 2.358691e-06 1.0 0.0
0.99999106 8.946434e-06 1.0 0.0
0.00021110756 0.99978894 0.0 1.0
0.0042252666 0.9957747 0.0 1.0
0.99997795 2.2006689e-05 1.0 0.0
2.0398033e-05 0.9999796 0.0 1.0
4.4140128e-05 0.9999559 0.0 1.0
1.4123803e-05 0.99998593 0.0 1.0
3.305532e-05 0.999967 0.0 1.0
2.1839393e-05 0.9999782 0.0 1.0
0.99999654 3.4873922e-06 1.0 0.0
0.035741415 0.96425855 0.0 1.0
0.00026899963 0.999731 0.0 1.0
0.00010285761 0.9998971 0.0 1.0
2.8734916e-05 0.9999713 0.0 1.0
5.716649e-05 0.9999428 0.0 1.0
0.00035742935 0.9996426 0.0 1.0
1.6480753e-05 0.99998355 0.0 1.0
0.03921844 0.9607816 0.0 1.0
1.6703796e-05 0.9999833 0.0 1.0
7.6289e-05 0.9999237 0.0 1.0
0.99999964 3.101404e-07 1.0 0.0
0.9680995 0.031900574 1.0 0.0
0.00015500779 0.9998449 0.0 1.0
0.00013539498 0.9998646 0.0 1.0
1.08118975e-05 0.99998915 0.0 1.0
2.3027691e-05 0.999977 0.0 1.0
1.5330039e-05 0.9999846 0.0 1.0
2.1579694e-05 0.9999784 0.0 1.0
6.117565e-05 0.99993885 0.0 1.0
0.00025275987 0.9997472 0.0 1.0
0.99590284 0.0040971907 1.0 0.0
0.99590284 0.0040971907 1.0 0.0
0.00021516494 0.9997849 0.0 1.0
0.9998884 0.00011156113 1.0 0.0
1.08119075e-05 0.99998915 0.0 1.0
2.6484051e-05 0.99997354 0.0 1.0
0.028182069 0.9718179 0.0 1.0
0.9995982 0.00040181054 1.0 0.0
0.0026098348 0.9973902 0.0 1.0
1.921507e-05 0.9999808 0.0 1.0
0.9983278 0.0016722598 1.0 0.0
0.0020244669 0.9979755 0.0 1.0
0.00011038653 0.9998896 0.0 1.0
1.4345834e-05 0.9999857 0.0 1.0
0.9999956 4.3822993e-06 1.0 0.0
3.6631223e-05 0.9999634 0.0 1.0
0.01402969 0.9859703 0.0 1.0
0.0005272839 0.9994727 0.0 1.0
3.0155677e-05 0.99996984 0.0 1.0
7.332655e-05 0.9999267 0.0 1.0
1.1639443e-05 0.9999883 0.0 1.0
4.009687e-05 0.99995995 0.0 1.0
0.0047139535 0.99528605 0.0 1.0
8.7551496e-05 0.9999125 0.0 1.0
0.99754214 0.0024578974 1.0 0.0
1.4391683e-05 0.9999856 0.0 1.0
1.7678549e-05 0.99998236 0.0 1.0
4.349347e-05 0.9999565 0.0 1.0
0.00045928333 0.9995407 0.0 1.0
2.4223795e-05 0.9999758 0.0 1.0
0.0022081744 0.99779177 0.0 1.0
7.543076e-05 0.99992454 0.0 1.0
0.0003741056 0.9996259 0.0 1.0
2.3565379e-05 0.9999764 0.0 1.0
3.9538467e-05 0.9999604 0.0 1.0
0.00011115931 0.9998888 0.0 1.0
0.9797625 0.020237515 1.0 0.0
8.1367405e-05 0.9999186 0.0 1.0
0.000121813275 0.99987817 0.0 1.0
1.35430655e-05 0.9999864 0.0 1.0
0.00011115931 0.9998888 0.0 1.0
0.0010720973 0.9989279 0.0 1.0
3.2204924e-05 0.9999678 0.0 1.0
0.99999905 8.9583426e-07 1.0 0.0
0.0022694168 0.99773055 0.0 1.0
0.0020386388 0.9979614 0.0 1.0
0.99999774 2.260723e-06 1.0 0.0
0.00030848125 0.9996915 0.0 1.0
0.0012709202 0.99872905 0.0 1.0
0.99590284 0.0040971907 1.0 0.0
0.0048105903 0.9951894 0.0 1.0
1.4345834e-05 0.9999857 0.0 1.0
0.9999447 5.535796e-05 1.0 0.0
0.00046189287 0.9995382 0.0 1.0
0.0053689717 0.99463105 0.0 1.0
0.00082100084 0.99917895 0.0 1.0
0.9999825 1.7527864e-05 1.0 0.0
1.4889242e-05 0.9999851 0.0 1.0
1.1639443e-05 0.9999883 0.0 1.0
0.003817579 0.9961824 0.0 1.0
0.9999974 2.5662282e-06 1.0 0.0
1.4123803e-05 0.99998593 0.0 1.0
0.0003097308 0.9996903 0.0 1.0
0.0005015483 0.9994985 0.0 1.0
0.000121813275 0.99987817 0.0 1.0
0.9998018 0.00019819498 1.0 0.0
0.9979836 0.0020164473 1.0 0.0
1.2954591e-05 0.999987 0.0 1.0
0.000121813275 0.99987817 0.0 1.0
0.006074579 0.9939254 0.0 1.0
3.762442e-05 0.99996233 0.0 1.0
4.2855878e-05 0.9999571 0.0 1.0
5.6759793e-05 0.99994326 0.0 1.0
